.00095
.00344
.02353
.02589
.00894
.02212
.00293
.00422
.02493
.00999
.03132
.02544
.00788
.01193
.01646
.00451
.01408
.00651
.03159
.00075
.00948
.01463
.03120
.00642
.01096
.02107
.01832
.00001
.02709
.02366
.01495
.02554
.02045
.01719
.00381
.02968
.01495
.00107
.02837
.00278
.00347
.01147
.02594
.00586
.02529
.02787
.00996
.03255
.00105
.00962
.01493
.03249
.02157
.02047
.01997
.01371
.01098
.01455
.01098
.02983
.01148
.02994
.02985
.02250
.01533
.00491
.00577
.03104
.01922
.02474
.00730
.02082
.02856
.01088
.01004
.01813
.02829
.01606
.00644
.01583
.02209
.01840
.03025
.00298
.00043
.01026
.01231
.00618
.02350
.02232
.00358
.00077
.01769
.00854
.02773
.01359
.02355
.03195
.02555
.02502
.01012
.03037
.02421
.00389
.01266
.01186
.02097
.00647
.01076
.01079
.01089
.02550
.01260
.01458
.02652
.01704
.01926
.01056
.01656
.00449
.00431
.02466
.02442
.02328
.00440
.01978
.00249
.01063
.00898
.02817
.02417
.00035
.02598
.01654
.01979
.02048
.00738
.00738
.00489
.01934
.02063
.01476
.01379
.03017
.00268
.01525
.01214
.02905
.01982
.01971
.01218
.02979
.01535
.00434
.01780
.00153
.00356
.01330
.02210
.01049
.02054
.00459
.01803
.01659
.01824
.02818
.00045
.01861
.02227
.00232
.00814
.01316
.01300
.00078
.00383
.00259
.00677
.03175
.00339
.02526
.01514
.01288
.02867
.01828
.02554
.02891
.03241
.00348
.01329
.00103
.03012
.01300
.00274
.00801
.00231
.01197
.01003
.02342
.02089
.03211
.01110
.02655
.02655
.00902
.02775
.02872
.02326
.00417
.02194
.02786
.02337
.00631
.01445
.01629
.01105
.03160
.00967
.01664
.01251
.00861
.00122
.02568
.00128
.00245
.03118
.00430
.01500
.00790
.00641
.00591
.01265
.01690
.01441
.01172
.01977
.03232
.02206
.02251
.01849
.00941
.01025
.02593
.01907
.01433
.02459
.01651
.02199
.00009
.00835
.01492
.01717
.01908
.02802
.00123
.03020
.02688
.02881
.01464
.02898
.01059
.00179
.02112
.00061
.02204
.00280
.03000
.01747
.02194
.01298
.03094
.01027
.02633
.00817
.02856
.00888
.01043
.02146
.01104
.02400
.02430
.00511
.00212
.01447
.00916
.00380
.03215
.00709
.01730
.00317
.01161
.00489
.01838
.02426
.03155
.01880
.02652
.00826
.02875
.00511
.00401
.03028
.01623
.01308
.01393
.01921
.01640
.01825
.01916
.01922
.01794
.00262
.01553
.03080
.02780
.00698
.01293
.02433
.03031
.03183
.01798
.00574
.01090
.02951
.02786
.02195
.02214
.01146
.02887
.03033
.01595
.00434
.00687
.02897
.00601
.00835
.01276
.00169
.02409
.00644
.00790
.00323
.02715
.02695
.01045
.01192
.02077
.00745
.02232
.00491
.02087
.02326
.01254
.02537
.02149
.02937
.00343
.02112
.02256
.00366
.00891
.02835
.02953
.00736
.00741
.02304
.00544
.01651
.00907
.02473
.00089
.01265
.00458
.00474
.02105
.02915
.01760
.01120
.01484
.02910
.02008
.00275
.02825
.01963
.00892
.01281
.00085
.00977
.00022
.01817
.03001
.00874
.00572
.00955
.01337
.00553
.03141
.02774
.00768
.00387
.00355
.01332
.00498
.01798
.01771
.01025
.02585
.00260
.00826
.00120
.00808
.01228
.00960
.02248
.01081
.00320
.03203
.02877
.01214
.02261
.01027
.03034
.02437
.00523
.02055
.01437
.01448
.02362
.01546
.01571
.00905
.02281
.00185
.02865
.00219
.01102
.03068
.00200
.01806
.02095
.01532
.01806
.00852
.01793
.00811
.02841
.00831
.03054
.00107
.01070
.02031
.02492
.01907
.01446
.02988
.01230
.01663
.02537
.01809
.03103
.02276
.00891
.01723
.00425
.00847
.00370
.01504
.02521
.00892
.03125
.02584
.01059
.01432
.02627
.02420
.00645
.02601
.02202
.02664
.02626
.00713
.00597
.00203
.00798
.02305
.02334
.02335
.02253
.02936
.00535
.00267
.03232
.02942
.00059
.02577
.00573
.01843
.01098
.01962
.03077
.02471
.02850
.00095
.01342
.02086
.01010
.00880
.02463
.01722
.00142
.01882
.00219
.03228
.02094
.02419
.00724
.00232
.01527
.01901
.02787
.03268
.00087
.01190
.03006
.00202
.02821
.01066
.01790
.01837
.02154
.00337
.01022
.00575
.01054
.00066
.00558
.01885
.00664
.00783
.02773
.00497
.01455
.03080
.03043
.00688
.02092
.00307
.00435
.00168
.01863
.01039
.02112
.01490
.03107
.01067
.02769
.00551
.00403
.03196
.03098
.01060
.01878
.00321
.03240
.03210
.01694
.02122
.02633
.02302
.00159
.00581
.01418
.01915
.00701
.00484
.02678
.00359
.01251
.02136
.02368
.00415
.03038
.00458
.01155
.01884
.02855
.00530
.01811
.02535
.01754
.01151
.01024
.00652
.00344
.01533
.02173
.02509
.03088
.00651
.02340
.00428
.02079
.00189
.02873
.01519
.02798
.02105
.01503
.00171
.00408
.02309
.02521
.00124
.02390
.03107
.00505
.01052
.00970
.00540
.01408
.00996
.02565
.00457
.02959
.02216
.01187
.00915
.03127
.01622
.01878
.01925
.00404
.01620
.02286
.00304
.01166
.01191
.02848
.00109
.01189
.02000
.01230
.02082
.01244
.02501
.02737
.01640
.01932
.01984
.01294
.00926
.00339
.00772
.02399
.01610
.01235
.00256
.03106
.02850
.00084
.02292
.00706
.00472
.01031
.00518
.01229
.02310
.02810
.01781
.02335
.02275
.02386
.00916
.02637
.03108
.00702
.01926
.00066
.00510
.02061
.02724
.03198
.02933
.00148
.01124
.02193
.02143
.01881
.02503
.01438
.02022
.01782
.02810
.00809
.00994
.00752
.01024
.02828
.02836
.02590
.02189
.02276
.02249
.02500
.02756
.02140
.01237
.02381
.02623
.00949
.01823
.00512
.01200
.00105
.02707
.02590
.01385
.02253
.01031
.02862
.02777
.01624
.01138
.01716
.02834
.00397
.00588
.01053
.00288
.01458
.01573
.02439
.02071
.00041
.00154
.01391
.01843
.00861
.00582
.02883
.03008
.00716
.01371
.00237
.03137
.01110
.00037
.01242
.03224
.00677
.02786
.01903
.01293
.00241
.01912
.02132
.02287
.02911
.01573
.02947
.01610
.01562
.01903
.00983
.02719
.00692
.01641
.01625
.00834
.00416
.01319
.00263
.00516
.02859
.00836
.00501
.01710
.02710
.00863
.00200
.00168
.02290
.03203
.03145
.02264
.01205
.01465
.02869
.00870
.01880
.01472
.01336
.00714
.00792
.00355
.02489
.01031
.02604
.00187
.01226
.01996
.00407
.00173
.03136
.02852
.00451
.01872
.02752
.00095
.00285
.03053
.02439
.00990
.02409
.01614
.01723
.02679
.00644
.03197
.01906
.01464
.00342
.03152
.01791
.02052
.02588
.01244
.01319
.01385
.01940
.00745
.00320
.00001
.01460
.01517
.01210
.00339
.02967
.00908
.00553
.00664
.03226
.01565
.03058
.01296
.02282
.00998
.03215
.03096
.01286
.02987
.02237
.00956
.01201
.02003
.00050
.02649
.02851
.01369
.00351
.00721
.01558
.02854
.01897
.00399
.01008
.01104
.03207
.01397
.01636
.00937
.01257
.00267
.03138
.00388
.03032
.00487
.00150
.01650
.02390
.01307
.02518
.02457
.03225
.00639
.01222
.02434
.02975
.02770
.02458
.00190
.00593
.00361
.00068
.02464
.00141
.00059
.01204
.00068
.00798
.02767
.03225
.02246
.03264
.02018
.01593
.00969
.01053
.01733
.00115
.02926
.00054
.02349
.01635
.01623
.02246
.01875
.02004
.03221
.00497
.00936
.03275
.03220
.02339
.00577
.00339
.02418
.01524
.01388
.00800
.00196
.02084
.01063
.02875
.02761
.02037
.01346
.00329
.01395
.00682
.03182
.00597
.02480
.01160
.02819
.03160
.00854
.00377
.01935
.00225
.01569
.01976
.03050
.00784
.02568
.01091
.02598
.02863
.01131
.01103
.00980
.03055
.02139
.02448
.01729
.02849
.01431
.02876
.01976
.01141
.03138
.01855
.01094
.01835
.02031
.01817
.00001
.00336
.02905
.02698
.01858
.02484
.00627
.00450
.00701
.01024
.01726
.02006
.02007
.00934
.02697
.00983
.02942
.02620
.00242
.00802
.01469
.01053
.01235
.02585
.01015
